version https://git-lfs.github.com/spec/v1
oid sha256:2164da4663a3fd2950f2e1e20b4ca3d51ac3fadf6b7aebc8bad40ab3c8ced227
size 1743
