version https://git-lfs.github.com/spec/v1
oid sha256:a3f1f45d069e4d893377c3e04e6b3c479e1708cdeb267ff9e12a5a56e5bba180
size 1793
