version https://git-lfs.github.com/spec/v1
oid sha256:16c85a56ecfb4bf43bb2dbd14c85022f97d62ffc7c1462d5c566ff2154842992
size 1180
