version https://git-lfs.github.com/spec/v1
oid sha256:beb8790aa97c4d0c0e27fb96da1cab9908608ac4696f45a6f342a36ad36d9301
size 978
