version https://git-lfs.github.com/spec/v1
oid sha256:0952a1eb660550ff2d1e718eaeef04316969b6991d62bf9671026a998e691745
size 930
