version https://git-lfs.github.com/spec/v1
oid sha256:bc8881a437e56538c8c7bee9e9b39dedeaf0c60ff14fcba76a893249f5239385
size 1183
