version https://git-lfs.github.com/spec/v1
oid sha256:9b2d277ecf47b7508320ae7a63a5d79ad4a3a059e480350a132dd892a4020dd2
size 975
