version https://git-lfs.github.com/spec/v1
oid sha256:5308064bb5a1ab52304413511b3d11a3dcd933359faae6f87aeb7c8fea544287
size 932
