version https://git-lfs.github.com/spec/v1
oid sha256:5dbeeabc653a43ee09337fe67e1a678a878c09f574e0df13d6e498387e07ed1e
size 938
