version https://git-lfs.github.com/spec/v1
oid sha256:4337d9fc4f61d43cc43c735fd82d31bdc3bf3543105b3d25846f85b236db5a1f
size 1524
