version https://git-lfs.github.com/spec/v1
oid sha256:da982383ab88cf66281258888f89f8a66c0207d8d8b2ee0879d11525dd22e406
size 1126
