version https://git-lfs.github.com/spec/v1
oid sha256:f4582498846f19321d69c6ffef3f866987ef5cce6daa422eacdce45eec3cb7a4
size 974
