version https://git-lfs.github.com/spec/v1
oid sha256:5e96687d027f729b8d0ccc570c23491256cbd6d41d5b803198b34e21c271d76b
size 1816
