version https://git-lfs.github.com/spec/v1
oid sha256:ecab2a7a9a5de50bc5749a0a82716b9e31a9907a958e193f207ebd393880c1c6
size 1511
