version https://git-lfs.github.com/spec/v1
oid sha256:24b85c937d5b6eeb1e9a4b10b91d6a6260e21f90f44f5e3778080df6158cc48f
size 955
