version https://git-lfs.github.com/spec/v1
oid sha256:3c7a6652722370f542891710b787acbb3b9e9cce87aae7608230b6d3db977c14
size 1245
