version https://git-lfs.github.com/spec/v1
oid sha256:78baaeab92b983a46c9ca949a63b8cc2a675440e9f0e4502153a7c4bd2c29dd3
size 893
