version https://git-lfs.github.com/spec/v1
oid sha256:9da4d3a6a35bd79d8d78c7fd014165659f0fdd1e47ee6be580b5878708b44f92
size 952
