version https://git-lfs.github.com/spec/v1
oid sha256:2b5a929d52d0a99495779b36a28429b7244745a137487203ed0a54b99ee0dc35
size 1002
