version https://git-lfs.github.com/spec/v1
oid sha256:598c02e0bf9a100fa757d66e0f5b8a56e30b53e1538230ef987ed92272df6912
size 1477
