version https://git-lfs.github.com/spec/v1
oid sha256:6e4eb934dd1ce041dd81e9fb661491f339d2d299851a693372d6739343a0e04f
size 1157
