version https://git-lfs.github.com/spec/v1
oid sha256:88176c72424f9c76e90655ecea84c43c916e3b60a27b191d0ef041beb301ae97
size 1421
