version https://git-lfs.github.com/spec/v1
oid sha256:e5272cf390643a1afdb4d9f00cf2a815669f87d6a015bb1de208bde61e62d48a
size 899
