version https://git-lfs.github.com/spec/v1
oid sha256:b48bf203fed0898ea001dad86e6b03dd553126756f536a8f38ab1fdbf8ae2979
size 1587
